 -7.84398182e-04
 -8.50445296e-04
 -9.47572622e-04
 -1.07284230e-03
 -1.21619392e-03
 -1.36013709e-03
 -1.47990650e-03
 -1.54409715e-03
 -1.51577093e-03
 -1.35399848e-03
 -1.01577391e-03
 -4.58216914e-04
 3.59042941e-04
 1.47141927e-03
 2.90698685e-03
 4.68429397e-03
 6.81049299e-03
 9.27990111e-03
 1.20730848e-02
 1.51565378e-02
 1.84829939e-02
 2.19923864e-02
 2.56134315e-02
 2.92657839e-02
 3.28626808e-02
 3.63139665e-02
 3.95293674e-02
 4.24218732e-02
 4.49110724e-02
 4.69262896e-02
 4.84093809e-02
 4.93170564e-02
 4.96226215e-02
 4.93170564e-02
 4.84093809e-02
 4.69262896e-02
 4.49110724e-02
 4.24218732e-02
 3.95293674e-02
 3.63139665e-02
 3.28626808e-02
 2.92657839e-02
 2.56134315e-02
 2.19923864e-02
 1.84829939e-02
 1.51565378e-02
 1.20730848e-02
 9.27990111e-03
 6.81049299e-03
 4.68429397e-03
 2.90698685e-03
 1.47141927e-03
 3.59042941e-04
 -4.58216914e-04
 -1.01577391e-03
 -1.35399848e-03
 -1.51577093e-03
 -1.54409715e-03
 -1.47990650e-03
 -1.36013709e-03
 -1.21619392e-03
 -1.07284230e-03
 -9.47572622e-04
 -8.50445296e-04
 -7.84398182e-04
